Day: 1
I 0 1306 1812
L 0 1311 1809
Day: 2
I 0 1306 1803
L 0 1328 1794
Day: 3
I 0 1306 1803
L 0 1356 1783
Day: 4
I 0 1306 1803
L 0 1382 1775
I 1 1306 1744
L 1 1301 1734
Day: 5
I 0 1306 1803
L 0 1398 1771
I 1 1306 1712
L 1 1282 1666
Day: 6
I 0 1306 1803
L 0 1401 1771
I 1 1306 1712
L 1 1248 1611
Day: 7
I 0 1306 1803
L 0 1401 1771
I 1 1306 1712
L 1 1208 1557
I 2 1306 1646
L 2 1312 1636
Day: 8
I 0 1306 1803
L 0 1401 1771
I 1 1306 1712
L 1 1178 1522
I 2 1306 1576
L 2 1343 1521
Day: 9
I 0 1306 1803
L 0 1401 1771
I 1 1306 1712
L 1 1168 1513
I 2 1306 1576
L 2 1405 1446
Day: 10
I 0 1306 1803
L 0 1401 1771
I 1 1306 1712
L 1 1168 1513
I 2 1306 1576
L 2 1477 1380
I 3 1306 1548
L 3 1303 1542
Day: 11
I 0 1306 1803
L 0 1401 1771
I 1 1306 1712
L 1 1168 1513
I 2 1306 1576
L 2 1545 1332
I 3 1306 1457
L 3 1273 1393
Day: 12
I 0 1306 1803
L 0 1401 1771
I 1 1306 1712
L 1 1168 1513
I 2 1306 1576
L 2 1576 1315
I 3 1306 1450
L 3 1195 1271
Day: 13
I 0 1306 1803
L 0 1401 1771
I 1 1306 1712
L 1 1168 1513
I 2 1306 1576
L 2 1578 1315
I 3 1306 1450
L 3 1074 1149
I 4 1306 1441
L 4 1307 1438
Day: 14
I 0 1306 1803
L 0 1401 1771
I 1 1306 1712
L 1 1168 1513
I 2 1306 1576
L 2 1578 1315
I 3 1306 1450
L 3 957 1071
I 4 1306 1334
L 4 1338 1283
Day: 15
I 0 1306 1803
L 0 1401 1771
I 1 1306 1712
L 1 1168 1513
I 2 1306 1576
L 2 1578 1315
I 3 1306 1450
L 3 894 1042
I 4 1306 1313
L 4 1427 1151
Day: 16
I 0 1306 1803
L 0 1401 1771
I 1 1306 1712
L 1 1168 1513
I 2 1306 1576
L 2 1578 1315
I 3 1306 1450
L 3 887 1041
I 4 1306 1313
L 4 1577 1032
Day: 17
I 0 1306 1803
L 0 1401 1771
I 1 1306 1712
L 1 1168 1513
I 2 1306 1576
L 2 1578 1315
I 3 1306 1450
L 3 887 1041
I 4 1306 1313
L 4 1731 964
I 5 1306 1235
L 5 1290 1193
Day: 18
I 0 1306 1803
L 0 1401 1771
I 1 1306 1712
L 1 1168 1513
I 2 1306 1576
L 2 1578 1315
I 3 1306 1450
L 3 887 1041
I 4 1306 1313
L 4 1822 945
I 5 1306 1205
L 5 1231 1042
Day: 19
I 0 1306 1803
L 0 1401 1771
I 1 1306 1712
L 1 1168 1513
I 2 1306 1576
L 2 1578 1315
I 3 1306 1450
L 3 887 1041
I 4 1306 1313
L 4 1839 946
I 5 1306 1205
L 5 1110 884
Day: 20
I 0 1306 1803
L 0 1401 1771
I 1 1306 1712
L 1 1168 1513
I 2 1306 1576
L 2 1578 1315
I 3 1306 1450
L 3 887 1041
I 4 1306 1313
L 4 1839 946
I 5 1306 1205
L 5 962 764
I 6 1306 1181
L 6 1313 1156
Day: 21
I 0 1306 1803
L 0 1401 1771
I 1 1306 1712
L 1 1168 1513
I 2 1306 1576
L 2 1578 1315
I 3 1306 1450
L 3 887 1041
I 4 1306 1313
L 4 1839 946
I 5 1306 1205
L 5 860 712
I 6 1306 1163
L 6 1349 1039
Day: 22
I 0 1306 1803
L 0 1401 1771
I 1 1306 1712
L 1 1168 1513
I 2 1306 1576
L 2 1578 1315
I 3 1306 1450
L 3 887 1041
I 4 1306 1313
L 4 1839 946
I 5 1306 1205
L 5 832 704
I 6 1306 1163
L 6 1434 889
Day: 23
I 0 1306 1803
L 0 1401 1771
I 1 1306 1712
L 1 1168 1513
I 2 1306 1576
L 2 1578 1315
I 3 1306 1450
L 3 887 1041
I 4 1306 1313
L 4 1839 946
I 5 1306 1205
L 5 832 704
I 6 1306 1163
L 6 1557 757
I 7 1306 1159
L 7 1305 1152
Day: 24
I 0 1306 1803
L 0 1401 1771
I 1 1306 1712
L 1 1168 1513
I 2 1306 1576
L 2 1578 1315
I 3 1306 1450
L 3 887 1041
I 4 1306 1313
L 4 1839 946
I 5 1306 1205
L 5 832 704
I 6 1306 1163
L 6 1656 687
I 7 1306 1153
L 7 1297 1103
Day: 25
I 0 1306 1803
L 0 1401 1771
I 1 1306 1712
L 1 1168 1513
I 2 1306 1576
L 2 1578 1315
I 3 1306 1450
L 3 887 1041
I 4 1306 1313
L 4 1839 946
I 5 1306 1205
L 5 832 704
I 6 1306 1163
L 6 1694 670
I 7 1306 1153
L 7 1276 1024
Day: 26
I 0 1306 1803
L 0 1401 1771
I 1 1306 1712
L 1 1168 1513
I 2 1306 1576
L 2 1578 1315
I 3 1306 1450
L 3 887 1041
I 4 1306 1313
L 4 1839 946
I 5 1306 1205
L 5 832 704
I 6 1306 1163
L 6 1695 670
I 7 1306 1153
L 7 1243 934
I 8 1306 1152
L 8 1307 1149
Day: 27
I 0 1306 1803
L 0 1401 1771
I 1 1306 1712
L 1 1168 1513
I 2 1306 1576
L 2 1578 1315
I 3 1306 1450
L 3 887 1041
I 4 1306 1313
L 4 1839 946
I 5 1306 1205
L 5 832 704
I 6 1306 1163
L 6 1695 670
I 7 1306 1153
L 7 1210 869
I 8 1306 1150
L 8 1314 1114
